1010
1110
1001
1011
11100
00111
11110
01111
11101

111000
000111
111100
001111
111110
100111

1111000
0001111
1111100
0011111
1111110
0111111
1111011

11110000
00001111
11111000
00011111
11111100
00111111
11111110
10101111

111110000
000011111
111111000
000111111
111111100
001111111
111111110
011111111
111110111

1111100000
0000011111
1111110000
0000111111
1111111000
0001111111
1111111100
0011111111
1111111110
1011011111

11111100000
00000111111
11111110000
00001111111
11111111000
00011111111
11111111100
00111111111
11111111110
01111111111
11111101111

111111000000
000000111111
111111100000
000001111111
111111110000
000011111111
111111111000
000111111111
111111111100
001111111111
111111111110
101110111111

1111111000000
0000001111111
1111111100000
0000011111111
1111111110000
0000111111111
1111111111000
0001111111111
1111111111100
0011111111111
1111111111110
0111111111111
1111111011111

